-7.000000000000000000e+00 -7.000000000000000000e+00 -7.000000000000000000e+00
-7.000000000000000000e+00 -7.000000000000000000e+00 -2.333333333333333037e+00
-7.000000000000000000e+00 -7.000000000000000000e+00 2.333333333333333925e+00
-7.000000000000000000e+00 -7.000000000000000000e+00 7.000000000000000000e+00
-7.000000000000000000e+00 -2.333333333333333037e+00 -7.000000000000000000e+00
-7.000000000000000000e+00 -2.333333333333333037e+00 -2.333333333333333037e+00
-7.000000000000000000e+00 -2.333333333333333037e+00 2.333333333333333925e+00
-7.000000000000000000e+00 -2.333333333333333037e+00 7.000000000000000000e+00
-7.000000000000000000e+00 2.333333333333333925e+00 -7.000000000000000000e+00
-7.000000000000000000e+00 2.333333333333333925e+00 -2.333333333333333037e+00
-7.000000000000000000e+00 2.333333333333333925e+00 2.333333333333333925e+00
-7.000000000000000000e+00 2.333333333333333925e+00 7.000000000000000000e+00
-7.000000000000000000e+00 7.000000000000000000e+00 -7.000000000000000000e+00
-7.000000000000000000e+00 7.000000000000000000e+00 -2.333333333333333037e+00
-7.000000000000000000e+00 7.000000000000000000e+00 2.333333333333333925e+00
-7.000000000000000000e+00 7.000000000000000000e+00 7.000000000000000000e+00
-2.333333333333333037e+00 -7.000000000000000000e+00 -7.000000000000000000e+00
-2.333333333333333037e+00 -7.000000000000000000e+00 -2.333333333333333037e+00
-2.333333333333333037e+00 -7.000000000000000000e+00 2.333333333333333925e+00
-2.333333333333333037e+00 -7.000000000000000000e+00 7.000000000000000000e+00
-2.333333333333333037e+00 -2.333333333333333037e+00 -7.000000000000000000e+00
-2.333333333333333037e+00 -2.333333333333333037e+00 -2.333333333333333037e+00
-2.333333333333333037e+00 -2.333333333333333037e+00 2.333333333333333925e+00
-2.333333333333333037e+00 -2.333333333333333037e+00 7.000000000000000000e+00
-2.333333333333333037e+00 2.333333333333333925e+00 -7.000000000000000000e+00
-2.333333333333333037e+00 2.333333333333333925e+00 -2.333333333333333037e+00
-2.333333333333333037e+00 2.333333333333333925e+00 2.333333333333333925e+00
-2.333333333333333037e+00 2.333333333333333925e+00 7.000000000000000000e+00
-2.333333333333333037e+00 7.000000000000000000e+00 -7.000000000000000000e+00
-2.333333333333333037e+00 7.000000000000000000e+00 -2.333333333333333037e+00
-2.333333333333333037e+00 7.000000000000000000e+00 2.333333333333333925e+00
-2.333333333333333037e+00 7.000000000000000000e+00 7.000000000000000000e+00
2.333333333333333925e+00 -7.000000000000000000e+00 -7.000000000000000000e+00
2.333333333333333925e+00 -7.000000000000000000e+00 -2.333333333333333037e+00
2.333333333333333925e+00 -7.000000000000000000e+00 2.333333333333333925e+00
2.333333333333333925e+00 -7.000000000000000000e+00 7.000000000000000000e+00
2.333333333333333925e+00 -2.333333333333333037e+00 -7.000000000000000000e+00
2.333333333333333925e+00 -2.333333333333333037e+00 -2.333333333333333037e+00
2.333333333333333925e+00 -2.333333333333333037e+00 2.333333333333333925e+00
2.333333333333333925e+00 -2.333333333333333037e+00 7.000000000000000000e+00
2.333333333333333925e+00 2.333333333333333925e+00 -7.000000000000000000e+00
2.333333333333333925e+00 2.333333333333333925e+00 -2.333333333333333037e+00
2.333333333333333925e+00 2.333333333333333925e+00 2.333333333333333925e+00
2.333333333333333925e+00 2.333333333333333925e+00 7.000000000000000000e+00
2.333333333333333925e+00 7.000000000000000000e+00 -7.000000000000000000e+00
2.333333333333333925e+00 7.000000000000000000e+00 -2.333333333333333037e+00
2.333333333333333925e+00 7.000000000000000000e+00 2.333333333333333925e+00
2.333333333333333925e+00 7.000000000000000000e+00 7.000000000000000000e+00
7.000000000000000000e+00 -7.000000000000000000e+00 -7.000000000000000000e+00
7.000000000000000000e+00 -7.000000000000000000e+00 -2.333333333333333037e+00
7.000000000000000000e+00 -7.000000000000000000e+00 2.333333333333333925e+00
7.000000000000000000e+00 -7.000000000000000000e+00 7.000000000000000000e+00
7.000000000000000000e+00 -2.333333333333333037e+00 -7.000000000000000000e+00
7.000000000000000000e+00 -2.333333333333333037e+00 -2.333333333333333037e+00
7.000000000000000000e+00 -2.333333333333333037e+00 2.333333333333333925e+00
7.000000000000000000e+00 -2.333333333333333037e+00 7.000000000000000000e+00
7.000000000000000000e+00 2.333333333333333925e+00 -7.000000000000000000e+00
7.000000000000000000e+00 2.333333333333333925e+00 -2.333333333333333037e+00
7.000000000000000000e+00 2.333333333333333925e+00 2.333333333333333925e+00
7.000000000000000000e+00 2.333333333333333925e+00 7.000000000000000000e+00
7.000000000000000000e+00 7.000000000000000000e+00 -7.000000000000000000e+00
7.000000000000000000e+00 7.000000000000000000e+00 -2.333333333333333037e+00
7.000000000000000000e+00 7.000000000000000000e+00 2.333333333333333925e+00
7.000000000000000000e+00 7.000000000000000000e+00 7.000000000000000000e+00
-3.101141454582487245e-01 -1.260967948553952445e+00 1.084501536293519308e+00
-1.175870525016696089e+00 9.870667366204292081e-01 -1.862124722634069252e-01
3.298731430110642404e-01 -1.994628948695778559e-02 -1.049970266556432330e+00
3.207567569686471387e-01 -1.176918537379837426e-01 8.479400474498752782e-01
5.489882815127016258e-01 2.680289938053483922e-01 -9.695079902304726271e-03
5.490420445577043340e-01 2.898711317985159797e-01 3.834303641864660050e-02
8.298934964697515237e-01 2.843963161692584229e-01 -6.124134588768930243e-01
8.300264359564113459e-01 5.523691549203761930e-01 -6.314184445025936565e-01
8.668138686571563722e-01 1.888054833732041582e-01 -2.298466828843594545e+00
8.220299491406121151e-01 2.326724794673521446e-01 -9.734162036445885846e-01
1.583709285985682946e+00 -3.564729521098853326e-01 -1.498917224903142387e+00
1.429461637111234307e+00 -3.105979085685638408e-01 -1.554375928660571393e+00
1.744319188041636881e+00 -1.743258499226862379e-01 -2.498997688036593168e+00
9.944528683563946814e-01 4.914563472024621182e-01 -3.109428550822160631e+00
2.520909040531442713e+00 -6.312522197639540700e-01 -2.611056381353722422e+00
1.943090166178441214e+00 -3.711908048557833739e-01 -2.453384467053862039e+00
1.499705521492056715e+00 -1.694314189927068892e-01 -3.644988645561801466e+00
2.016792777906761369e+00 -4.100688474406778417e-01 -2.730379692560453986e+00
2.146439405937374367e+00 -4.987255447023510868e-01 -2.549872416397989561e+00
1.866756515779167014e+00 -2.581841257597914385e-01 -2.853416076007434743e+00
1.476819006088794684e+00 1.119228034573711839e-02 -4.451638196476988441e+00
1.770469283449367826e+00 -2.725208230569912127e-01 -4.843378943360477251e+00
2.130262412386394022e+00 -4.473682175160578200e-01 -2.816321852807876169e+00
-9.565452447200861741e-02 2.699626439882583551e+00 -6.031275402364971505e+00
3.257353135235395936e+00 -4.954117076197537828e-01 -2.581452974677809653e+00
2.039146332083494162e+00 -4.306182628788591260e-01 -2.151768045883795999e+00
2.257850101455213476e+00 -5.391517708526187835e-01 -2.365334930836408667e+00
2.299258970551324222e+00 -4.852781899654939890e-01 -1.937291021796091472e+00
2.224180606518515901e+00 -3.796437590962326580e-01 -2.139226112690640669e+00
2.433210742945291827e+00 -5.738541044934442059e-01 -1.660730068035683127e+00
3.419923625327514038e+00 -7.063327272042583260e-01 -1.871274548921069814e+00
1.045254824682951833e+00 4.614022834282836549e-01 -4.720562982334959301e+00
2.508795029239224927e+00 -6.627391550873263926e-01 -2.854994556100358682e+00
1.658755073494670995e+00 -1.195004963218679328e-01 -3.073958562404123462e+00
1.887065947931987120e+00 -1.661064382729500188e-01 -2.512791105304497563e+00
1.272147884470194557e+00 1.292787623253190965e-01 -5.380884343583829832e+00
1.882558456061528052e+00 -1.360564386544907967e-01 -2.941903727761725040e+00
2.409570347038578753e+00 -6.157234676098035653e-01 -1.783118275635987571e+00
2.086029937442447135e+00 -2.127289789191327551e-01 -3.259051493082874451e+00
2.027925152259020258e+00 -3.567384526007866263e-01 -3.391708628846392681e+00
1.308463377162575769e+00 2.275616599854202449e-01 -3.937430012647119337e+00
2.250024950629937681e+00 -5.061858749682022207e-01 -2.556025630308509822e+00
1.756666496400109079e+00 -1.748954004192587175e-01 -3.377643187726184770e+00
2.124164904392469300e+00 -4.022886287142065087e-01 -2.236260817014830593e+00
1.131988987317249062e+00 2.394017713012344117e-01 -3.409092595206220100e+00
1.575237887831291594e+00 -8.213436579684965655e-02 -3.872566453514892260e+00
-1.869393277115050100e-01 1.117895617130962860e+00 -4.872857602015995937e+00
1.326600653438362754e+00 8.051485614377440481e-02 -3.489639193290868135e+00
2.453660005559967772e+00 -6.293362206321078123e-01 -1.387901623064937473e+00
2.080371861417477319e+00 -3.624270230813099736e-01 -1.716598139621877905e+00
2.749123094580360416e+00 -7.747868848567190936e-01 -2.600521821605720874e+00
6.810885822891644681e-01 8.708028559999163587e-01 -4.086861515502081765e+00
1.686859860874021733e+00 -2.038083762556353040e-02 -3.520991058908709892e+00
-8.774966411328002369e-01 3.190912378644848779e+00 -4.354048470827909689e+00
1.667505571977780487e+00 -1.162263268156363272e-01 -3.235409642934917063e+00
-3.699299272909768455e-01 1.881953261172197855e+00 -4.637909907067232496e+00
1.713389143717105600e+00 -8.416453754109809449e-02 -3.087610620400669692e+00
2.147012077113079620e+00 -3.145083258581721219e-01 -2.600177950121666193e+00
1.988292060839053965e+00 -3.868634406522564184e-01 -2.746569556158949155e+00
4.202404059432942596e-01 1.049075090048646075e+00 -4.234999825640088034e+00
1.402868761972595912e+00 1.831639474613303842e-01 -3.562841936841272261e+00
2.687756926460308282e+00 -5.130883025865415892e-01 -2.961893513792769106e+00
1.671971187577155016e+00 -1.092393597732397581e-01 -2.589011818907122731e+00
1.695054324791539280e+00 -6.068968209445299578e-02 -2.904190948506782277e+00
1.741087180730946926e+00 -1.373839226446415540e-01 -3.089849175100635836e+00
2.607969049207862433e+00 -5.280468122460009184e-01 -2.065565271549671955e+00
2.789906888794035034e+00 -5.940542965594353131e-01 -2.276501357498623257e+00
-2.307448861474266089e-01 1.799016887830187317e+00 -4.906777895681237567e+00
1.403177983618574931e+00 1.270405720075173106e-01 -3.338732406398178920e+00
4.848791793184048515e+00 -1.139520716799489186e+00 -8.636706476663582599e-01
2.275423357260833335e+00 -3.722335486025987183e-01 -2.465052948190710858e+00
-6.325288815737541981e-01 2.226692706893419693e+00 -4.754464215334960997e+00
1.507261291760816357e+00 1.055191040569615074e-01 -3.304991839792336350e+00
2.080016393645678807e+00 -3.892827951580001833e-01 -2.403807708668233012e+00
2.988740720896040592e+00 -6.993885573685730828e-01 -1.814975583116957614e+00
1.668171690580755318e+00 -8.128369379738852041e-02 -3.032429828050942078e+00
2.161170717112290252e+00 -3.550885031096431277e-01 -2.985591756801121210e+00
-4.642881509637701853e-01 3.086801716174107924e+00 -4.690992045262879273e+00
-6.817534640865607898e-01 2.401126468786986212e+00 -5.243983193110336671e+00
-6.140260339971104209e-01 2.528164437902467476e+00 -4.838952857343452152e+00
3.056952726292997191e+00 -7.188234731836710134e-01 -1.899140350049115966e+00
1.868627987204523722e+00 -2.515709258182671770e-01 -2.001364076119582780e+00
2.216630183650937003e+00 -3.816366301444333864e-01 -3.203644870610194761e+00
3.928215536347070547e+00 -1.000685236479878837e+00 -6.561779074898992370e-01
1.002184698183163691e+00 4.947758508031134261e-01 -4.114845339080249076e+00
2.024780352504633285e+00 -3.744503804381142387e-01 -3.365912146847411357e+00
3.115098524375701672e+00 -7.452478106781303957e-01 -1.770074531829555875e+00
4.476791167772258717e+00 -1.177032716227441211e+00 6.987320951787179268e-02
1.919142242994935632e+00 -3.531609635763868216e-01 -3.295247980054605286e+00
-5.143283504799458505e-01 2.292638976751315560e+00 -4.763904713292864912e+00
1.269159920129728114e+00 2.422965164216067946e-01 -3.998353720822477975e+00
1.722594692516572490e-01 1.381831779073374067e+00 -4.418999727559794977e+00
2.282977156403668939e+00 -4.743477549088995771e-01 -2.247345380527451475e+00
5.288234174653221320e-01 9.970289362392943389e-01 -4.207895597168211488e+00
1.938803854446087938e+00 -2.508621976493101147e-01 -3.332037166200749745e+00
3.125217045358305690e+00 -6.770531255046359220e-01 -1.968111856727644771e+00
2.171974782892000633e+00 -4.168047990801637681e-01 -3.316482945325826215e+00
2.254288505959038513e+00 -3.359012142755570252e-01 -2.585305174081098833e+00
2.479231282614608123e+00 -6.245621989882158553e-01 -1.999161176017759445e+00
1.136031305059149510e+00 3.320266764337332366e-01 -3.517002313738670782e+00
6.180088595798014062e+00 -1.318986764342138684e+00 -5.506064569628819072e-01
2.615440857117614648e+00 -5.727115197362807608e-01 -1.841895004438169670e+00
3.487528371684585515e+00 -7.057931515126716349e-01 -2.045524705467073545e+00
2.764915950106449305e+00 -5.856329245125488914e-01 -1.741866758966155615e+00
2.249727868757231075e+00 -6.237683271130521900e-01 -1.876790690438341791e+00
1.889056093470104836e+00 -2.736255440493343127e-01 -3.066348605096689717e+00
-6.873624564005531568e-03 1.513903435323719959e+00 -4.633883479369798053e+00
-4.667614811710802947e-01 2.010870212665776258e+00 -4.851766433781414811e+00
3.665623348710883356e+00 -7.114395215660096472e-01 -1.815083102545334892e+00
2.477264829523621703e+00 -6.283464698949391414e-01 -1.455656294708129073e+00
3.499063641713306971e+00 -9.544941199593974801e-01 3.731527897267161720e-02
-2.388494700602561416e-01 1.845023474617522918e+00 -4.811449380356362049e+00
2.451936432175125358e+00 -4.666501900069429110e-01 -2.980726287057310131e+00
2.315064792092356161e+00 -4.251634026842852632e-01 -2.796672514899510187e+00
-5.677986472288165665e-01 2.835392155380379364e+00 -5.035901876423038992e+00
2.091407288446914592e+00 -4.813930126716776670e-01 -1.803143867926361388e+00
2.948108676961489927e+00 -5.590967424891580828e-01 -1.382561571292798774e+00
1.797851619911261078e+00 -2.973076243818021935e-01 -1.936603515507297146e+00
4.124626802759242317e+00 -8.601396148323267044e-01 -2.156422238643106226e+00
-7.288494239855629608e-01 3.840353840205388725e+00 -5.240306473524737108e+00
1.634186546919049743e+00 -3.129179128089651374e-01 -1.460124890189282043e+00
1.414035846809431840e+00 -1.024697813419457940e-02 -3.797036062160703107e+00
5.548234977404661095e+00 -1.270720117059600085e+00 -1.108354820612932556e+00
2.409769662582990524e+00 -4.818767597782776524e-01 -2.035940125009516599e+00
4.291715856415332375e-01 1.057570238066814161e+00 -4.491950094485750888e+00
-6.411184052195291194e-01 3.165210488926372800e+00 -5.161231981238096012e+00
2.459995570063650661e+00 -4.016991260314290435e-01 -3.066799224855661699e+00
3.154182552228107728e+00 -6.518436359771161426e-01 -1.790343928024367814e+00
-6.112599035085994892e-01 2.506038661011738444e+00 -5.130627015121481449e+00
3.310448653684858744e-01 1.067948499928019768e+00 -4.120833216013570777e+00
5.187923970435426302e-01 8.622807709749832350e-01 -3.740561643651801660e+00
3.614247679482924802e+00 -8.080160545294785557e-01 -1.200336295870381598e+00
3.352467771636342242e+00 -7.312221559674459970e-01 -1.150307392934515560e+00
2.130163877526539906e+00 -3.679576914919482911e-01 -2.525182869846004152e+00
-6.248476450332991483e-01 2.990498091081615240e+00 -5.322537009741667546e+00
2.207643021949783790e+00 -6.573505358938536158e-01 -1.829771079446764315e+00
4.378434873455132603e+00 -9.531950310496121181e-01 -1.743329519277106554e+00
3.665407331659643830e+00 -8.803680886492400992e-01 -1.359436020397194689e+00
2.510089729368269129e+00 -6.701560161019507467e-01 -1.528697223112474246e+00
-4.890024970369579727e-01 2.329426387047932590e+00 -5.331243463915226855e+00
-6.405397401996189011e-01 3.006928081065146419e+00 -5.464237536552669638e+00
1.565823842687514178e+00 -1.945736253149610018e-01 -3.294842929935329234e+00
4.037981646310768724e+00 -8.492266486045114693e-01 -1.714391978623165613e+00
2.767634539609681976e+00 -5.753038761034849902e-01 -2.064824277790503260e+00
1.780373575882774340e-01 1.287796219374221618e+00 -4.621788174117385850e+00
4.074781368869830445e+00 -8.756231731262521523e-01 -1.851467624099462306e+00
-2.727442796798222879e-01 1.700321890454242091e+00 -4.759022386707804309e+00
2.576727985656323661e+00 -5.381342870196582640e-01 -2.114582624925648524e+00
2.449211041448097426e+00 -5.816280871167848199e-01 -2.063572723001664055e+00
-7.366756169411075028e-01 3.080147011038104399e+00 -5.317537006299902558e+00
4.617032749243410450e-03 1.426463656610128306e+00 -4.803186090825128041e+00
2.939083103474964709e+00 -5.953140420428987278e-01 -2.430809503731455212e+00
